,Term,Google_Count,Bing_Count,Total_Count
17,nangs cream chargers,20,19,39
15,buy nangs,20,19,39
12,melbourne nangs,20,18,38
5,nangs sydney,20,18,38
6,nang delivery,20,18,38
7,nangs buy melbourne,20,18,38
1,melbourne nang delivery,19,18,37
16,nangs melbourne,19,18,37
14,nangs delivery melbourne,19,18,37
0,nangs delivery near me,19,18,37
4,melbourne nangs delivery,19,18,37
13,nang sydney,20,16,36
18,nangs delivery brisbane,17,19,36
25,nangs brisbane,18,17,35
23,buy nitrous oxide canisters,17,17,34
11,nangs delivery,20,13,33
9,nangs perth,14,18,32
8,cream chargers,14,18,32
3,nangs near me,20,12,32
27,nitrous oxide canisters for sale,17,15,32
19,where to buy nangs,20,11,31
32,all night nangs,15,14,29
34,nang cracker,15,13,28
10,whipped cream chargers,12,15,27
24,buy nitrous oxide,17,8,25
20,nitrous oxide buy,13,12,25
26,best nangs,14,8,22
28,nitrous oxide for sale,12,9,21
2,nangs buy,20,0,20
21,where to buy nitrous oxide,12,7,19
33,nitrous oxide tank,12,7,19
29,nitrous oxide whipped cream,12,6,18
30,nitrous oxide canisters,13,2,15
31,nang city,10,5,15
22,nitrous oxide canister,12,2,14
